172199
172202
144786
116573
133922
238146
201248
199222
129250
118331
197851
356870
220095
241115
156654
176971
245933
213693
202200
237742
172199
185413
226698
62928
239880
199000
165564
191666
192000
168575
222520
147333
267311
230990
221333
172199
355961
161777
234700
190464
166917
109354
231040
157037
153012
198958
171710
188750
200613
159389
3601658
264626
169911
322856
180652
157714
110400
205090
148000
453493
2372414
186153
176519
204750
317250
53671
100173
214368
224501
187906
189120
160208
176333
124799
198430
166000
176519
188003
210194
237260
131764
144172
229403
182142
292866
363227
186299
175229
169835
178947
194867
365853
166558
176519
147878
159100
448464
132458
144000
300000
137622
229040
181400
165119
238746
65336
216004
195399
232733
260866
198840
160266
226000
206040
205531
246988
262425
148557
218093
65387
310000
61672
198060
75046
319497
97338
235386
43839
282000
121658
298670
219680
209270
292733
238130
102860
179317
78750
243654
158106
389933
246988
200133
288053
207483
138066
220933
131080
217582
201493
290063
163880
183693
184800
198060
184800
290063
156168
177266
229941
261613
120506
56608
138666
183693
311373
207483
163149
78750
158478
252464
248661
290906
211897
254986
62000
113880
53276
176597
175229
114335
158840
124675
195066
275960
96203
265000
295013
184616
175098
264946
214186
227080
149192
208431
207131
172710
222600
184800
163182
248826
123702
123870
208666
134000
83478
32250
182624
180768
128093
124000
172107
115200
220000
97989
113554
150095
79481
96000
173035
94500
96271
150000
124500
133286
125436
65122
120575
172000
181600
180612
124000
178951
141335
176000
171718
84000
150934
130000
139130
180875
193516
51341
127000
158000
107049
122000
124826
328063
142500
154838
198026
90096
160093
185782
154183
181915
194361
235728
171514
132790
233666
99657
133047
160576
161973
60000
103527
156493
168657
68330
210586
262586
133333
94701
191770
185600
158326
140564
63668
149196
170080
206826
159836
224000
140564
137560
164250
468124
146260
216737
102379
128009
248647
130063
115636
213838
420006
162287
118625
161626
221693
125080
402143
280031
438906
285720
305613
241653
224160
274093
335666
402143
174293
189280
762586
132000
251533
449764
259333
137560
381229
85128
359628
418288
193693
139933
205115
258010
273613
101240
327013
224733
228908
332333
292547
340026
397260
528452
360600
226000
134693
208000
209800
172000
259333
379146
223546
290803
320987
117200
158459
140413
106849
133000
190000
122960
126466
197933
228173
237869
135066
195332
128266
238336
90640
197933
68253
225240
154173
146533
117200
207000
130333
180166
287640
147306
193240
152013
182173
318852
338240
132466
252040
223893
109200
249362
62500
160133
249362
213951
171626
164720
224853
182746
167253
154173
143560
517500
244565
289200
235317
279800
155933
211986
261200
422240
205823
90352
88533
171293
440200
285560
217800
234506
171960
222813
178200
167140
178676
181239
143017
162389
147788
166500
80963
194440
128000
133016
164210
93195
236306
285333
158824
223473
150127
209840
526480
153120
249866
175912
162653
91703
195280
176114
66200
196629
206037
174693
145346
123573
323426
122760
196026
120174
172238
151266
123573
179250
165581
196730
276773
251653
196048
217173
156841
247309
310933
102857
214224
132376
320253
251694
168453
125506
264453
135888
172656
234615
139487
233793
210720
123573
201878
247500
198000
194960
174490
143680
101082
277586
122003
257842
225706
147014
166265
250866
249386
208943
122773
252306
253133
118194
252306
84576
252306
250934
82605
279680
353013
211800
164307
322506
171692
184000
116822
99979
473013
233548
94156
125270
75952
322000
180842
168746
92723
106562
110317
149076
197799
137934
228600
108888
397386
205054
252306
104075
78461
252306
168720
41200
183266
136615
295706
167213
211226
113602
226206
129639
77971
190000
207157
236586
404105
160010
169065
271918
156349
316078
374424
73333
385355
275951
167485
145946
232672
178125
109714
92423
200413
226430
314666
197333
215255
286200
211875
152721
303346
214153
446370
273080
187891
154188
411245
247486
257088
297040
80232
261591
355804
180480
365733
140070
300895
201153
363666
236129
155675
213120
240000
297714
98360
108247
153243
149426
135957
192461
57200
75000
88966
109229
278759
278085
287513
104320
79396
248560
162066
179558
190039
171333
137200
73573
253933
127036
188814
48720
188850
289585
70737
119000
135511
133953
155590
220098
239066
321566
118500
264600
156390
178364
122906
155606
191647
182099
192127
141106
376877
144705
100666
188080
173869
232489
181400
201136
234360
241345
256000
179008
230998
159451
228493
257881
288295
83603
250416
229555
224333
221373
230998
311800
219070
258053
209413
278546
206978
287573
217760
214312
242306
278000
292760
320256
199572
214906
197400
261026
200858
239910
199477
290158
254337
294000
254360
247247
227248
243575
251385
213213
224954
378853
253718
367786
148610
230000
295911
327138
167680
492186
175281
396586
496051
186697
339067
220487
220995
490316
155750
205766
241693
234760
163866
360069
249325
148610
378933
156212
196109
551999
137195
468575
196563
148610
89686
167680
275256
171467
241122
160052
67240
156238
300907
335409
148610
290145
186697
402080
171467
473786
163866
243266
132631
317206
242040
234880
426626
164938
232600
152509
93733
404493
219500
245927
207611
350306
164000
334586
119117
223333
141080
237640
195653
157663
198160
143466
204310
150186
154386
93374
206222
141360
318093
199194
171786
200173
116595
311040
186842
314720
275280
255973
96240
334760
69960
349600
159389
175377
453400
349586
215866
177184
193792
158906
196746
74047
194000
195146
108000
197840
56284
136483
159807
214800
174333
372106
272526
137044
96008
179033
223293
180786
183652
141264
137985
291397
123218
128547
84000
160000
175478
144000
247798
187756
126950
145666
160560
97883
96464
242652
154238
121713
127423
223666
223780
186070
127120
98411
154723
188373
195761
198160
259946
174266
184800
86160
294960
217303
213440
194666
213440
110734
159862
136938
84062
150493
209162
315426
170895
123088
96052
313906
415389
76333
256927
138659
157875
224680
214302
89583
172638
239959
213960
465960
76000
175600
660706
130177
156000
159484
227733
100400
160220
105717
120000
310961
162120
120000
249413
66885
120000
234560
153526
153526
283816
180866
131937
258034
321987
193466
265600
447426
232615
214373
124016
108837
181099
271176
156840
144106
142018
189394
181099
96000
87272
159606
96882
259720
133243
114259
128259
138409
237948
230373
128955
212874
117490
225640
160007
133722
118040
276610
148073
97041
240000
222386
98064
60743
68953
198520
152000
230666
94873
319713
53346
138082
98973
234563
72014
319713
485044
96597
90000
90939
319713
213275
57280
153084
58777
231081
113237
167688
88093
228817
153646
148627
82207
74198
116601
67680
327253
85000
139729
179761
273733
130000
91022
376140
101224
216451
102516
51880
193060
48141
158938
308662
92155
163457
136214
159870
74013
190160
225560
240760
287000
157477
197813
187538
265493
229720
165058
255000
283346
197253
166676
185026
246080
186186
189773
201426
167534
208860
214826
222800
218280
222800
211413
214293
198748
206306
221240
208208
173511
176983
157477
240546
182213
189986
304493
237866
179640
167799
201520
190680
159073
190800
163600
112590
202266
211413
136200
209438
176579
176579
180266
579293
174680
172246
200933
209438
377466
102873
230720
227555
188083
242266
536471
227106
240800
221280
231800
118893
118893
219720
206333
184320
220293
202508
223040
163200
147895
266000
180479
198000
183542
236250
202226
291293
176404
180800
87411
231846
180479
56000
161538
173986
115636
199080
165485
241933
219034
204413
287436
217106
240800
160368
144524
177026
241734
146945
211440
169293
146945
115297
123796
232941
203296
164217
128240
93207
217586
273186
565302
118569
164960
287436
70592
204127
189400
81927
231573
204677
240800
134452
182648
124264
226233
291314
206026
186081
130100
192453
270203
155157
146181
216058
186692
160332
187000
211307
193697
156953
261849
392800
194666
307426
127551
173720
221960
164780
210332
380440
156960
205714
273413
185813
179893
395706
308709
392800
158600
288866
207280
173933
130649
264746
183533
223826
135853
276490
395706
215226
192986
210901
111573
168920
60186
328013
141933
275690
382026
220400
273040
207889
208288
167840
208000
326466
236026
267800
169733
221217
200961
155526
98011
180719
199200
197117
94838
161250
145750
127868
120000
120000
138000
227722
80800
123677
150967
141500
120000
163770
221982
124017
150000
209156
150000
199200
147000
117655
124017
144250
206024
269093
119013
228536
140733
116950
304200
290038
223689
226083
169847
116950
192096
157440
135418
166947
134736
120032
177455
246241
277315
393438
399000
64347
346285
245533
336160
397680
293096
276920
92134
123386
226935
168000
97881
394573
458302
418666
376585
393426
267692
225462
312431
284571
277347
120023
113790
194372
496560
333693
704893
170066
336026
158276
181533
379786
301750
358093
331139
294857
334177
85200
271733
205298
370906
362533
236946
700151
229013
659000
152760
214226
223794
192000
193776
131367
193776
164914
216333
211386
280878
221370
218026
463266
136000
215626
210424
111074
252578
198420
198536
194523
214240
211396
260506
131474
225853
273573
207733
342093
121666
209567
159529
126720
100128
126315
231084
185173
241875
177906
144714
95399
72367
218400
145573
263000
243373
232587
190946
229896
177322
163386
219268
195146
124733
155245
229813
101377
195493
201680
260000
194160
152333
239293
146760
160800
203473
177322
206506
218726
205480
170880
260000
189397
219616
174786
69813
185000
194160
112205
203750
167055
214400
93110
83104
76118
198320
87346
172644
291693
163386
150000
231426
140573
218726
207778
124733
272432
197519
220800
254200
286779
120754
198026
290742
127786
388800
384893
127786
388800
353083
95875
230141
323239
244393
216666
152266
274009
224840
254090
229381
159161
261379
320481
254200
518600
194160
171258
430160
311328
127933
250971
87327
189373
256551
123035
257114
390420
66873
230141
248965
98706
186693
182068
254500
300000
41256
254500
189493
153600
203600
228431
204671
226103
226103
125070
259120
207992
311240
266666
254600
228394
103902
100000
266666
153600
93767
155428
180946
146000
157310
198425
72700
168576
130054
130044
138288
154285
55081
290453
65306
162821
103941
141538
121013
270746
133118
121777
223097
92014
222066
253946
211252
147062
257000
202670
146102
130917
70062
215253
205950
185379
243353
337714
161870
129520
186370
183774
276093
136279
247600
382800
270000
185142
124891
34285
154285
262320
146768
230400
245070
170929
195428
148791
194000
701417
85942
245923
166875
120000
216666
207206
149712
297428
186122
128078
133714
50729
267760
173538
139906
207428
209552
204852
158000
216000
198105
281103
179581
389280
136406
257021
185601
145233
247406
225706
354292
263087
62686
212349
143426
111542
150106
93000
163786
218518
227239
185601
123359
251583
246477
187358
230426
140065
305013
315111
171471
173509
148571
250102
271040
342857
70253
235000
142503
44681
107586
210302
230266
280888
112756
111943
56424
314000
200118
185601
196620
121679
121463
232386
252200
77255
205173
247493
154973
756106
192000
163203
141139
217626
367870
205087
136000
159843
152581
288000
261720
123428
150266
235817
141061
222040
196986
310432
297500
168045
257776
160320
214800
63973
128362
82000
286577
153606
256750
137115
87794
152000
216942
208253
124674
237346
88240
36099
150146
206118
85813
200287
96604
310432
192000
241601
137115
116800
175875
216942
194018
1500004
237346
206118
298181
224532
139683
67360
185808
55500
143751
285200
201040
76954
209500
236985
290920
180739
120000
112000
61500
45322
212335
248727
204562
142206
231960
156000
205938
82000
544933
135007
116000
3600014
166955
218666
178982
152158
119000
241000
123879
239072
252946
154096
159096
197529
124374
131213
176000
248093
171226
302173
236400
237293
187956
339400
163840
211923
181574
159096
192000
157671
297273
127974
158662
170573
226559
239666
160909
262733
170560
168000
139568
273086
74553
196373
158681
271867
121905
202493
210666
197351
228400
218493
141502
235275
115588
274088
120736
220560
256410
126890
205826
356102
229195
164000
276693
205973
115466
86517
183893
203360
185069
191853
90493
91777
152170
133893
203312
121782
281853
136045
202840
128919
223640
130520
214573
31000
249500
128919
240022
220420
188360
246910
118846
171702
234893
411280
267306
148430
220655
146692
222031
83986
149706
168112
201777
200409
58052
264672
191000
312000
123288
149538
186413
162646
255600
284612
231080
131120
133360
173266
203075
184773
132284
156042
187054
161812
172573
132200
197653
121386
262893
179560
179660
214800
207046
154800
573855
222981
156170
149503
175173
179666
191204
126133
157466
79725
725506
108931
217808
173040
349400
170521
271373
136968
219786
185173
191204
222293
216986
120500
239817
159360
201286
141690
233901
192195
248000
97173
207586
62640
178857
184615
83253
209854
243213
120466
217768
73982
104826
190000
213493
85226
194976
198893
88493
330693
171666
69933
225625
132923
83373
211323
163813
77826
143320
232380
73400
171000
208115
89306
155000
148000
73066
176000
127747
79560
200045
97401
111426
290413
186461
239226
115348
103958
248160
234800
253493
470346
246293
106909
93307
239826
90461
300000
93692
379600
263973
185933
182741
295493
295666
413880
69753
377920
246200
197330
277866
77424
100800
147201
172352
210666
157464
189600
172829
191607
165320
65015
235258
198484
269666
189600
90466
191607
282080
152137
72688
150001
240040
269357
346200
264910
264910
151400
60618
235706
225638
141000
190684
125707
139818
74213
155876
214218
200333
298124
149373
170777
194160
153230
91689
110117
304103
199578
192497
147566
176884
243376
81826
169205
73366
160104
210395
190153
214977
244000
197440
60000
126193
167961
154866
367040
379354
177853
63529
163519
271426
568615
260299
283196
62068
227421
114333
132544
85560
104077
72817
131317
170000
126961
128082
178549
201453
223360
224720
170825
114103
80993
163125
212693
62385
234791
112213
108991
67250
173226
36850
38758
128082
95666
203070
62128
92786
126529
65808
85506
89040
36850
95386
36850
177263
106506
36850
91733
75120
146429
60573
104000
144390
213303
91706
210027
193809
173294
219920
145640
316973
342840
276301
316880
198626
238320
152111
132691
197040
187219
232533
287573
321426
154666
181693
371413
269200
214893
421160
193687
250675
189253
153529
194413
216533
175760
258893
191111
248608
182986
214190
176200
145580
187186
199826
101647
254262
299426
156387
348708
342696
277626
327880
228306
109000
207120
252628
273502
184928
170666
134769
136271
128005
152490
116223
176632
204521
209454
203428
136571
217377
90628
141600
172500
206000
204450
171937
132153
159857
220148
247539
221866
262736
151614
225625
97714
162043
165333
72320
62093
94528
171960
162077
207807
165919
215048
204126
285913
196804
175799
177360
270340
175868
179202
141040
205714
128052
100306
143804
75767
217933
149056
422603
95164
114101
96056
106700
240043
59320
62986
318000
35830
99533
69422
205653
41259
107813
223085
143621
42538
151294
104907
88140
71658
72071
57000
54289
137691
40413
111413
46833
154466
64500
173640
94576
190373
112089
82000
97306
86189
107252
125035
107180
91680
86935
231786
339320
86709
264120
236066
186240
235000
227619
183266
132548
152826
273760
288866
184466
161173
185806
291880
448066
125714
229629
234173
151693
255333
208092
312173
262000
260013
502227
60004
198266
300025
181693
263106
258372
266506
130690
110344
156000
132000
196629
102988
181286
220360
123750
226600
288933
208613
209066
217686
240766
240359
152835
318586
311710
221991
374333
108620
151250
173493
197942
138361
313946
354375
148524
334386
77605
133734
246920
194129
152291
246266
610939
144750
138528
152020
284640
348006
145714
418466
416367
176546
243946
208706
310266
333285
293576
146573
196413
211960
192026
254106
318586
296437
168146
332626
190153
274125
245266
290664
170549
185239
208546
226213
212500
155266
190701
160000
276400
68000
243986
188853
117095
198000
139160
145225
147360
197407
227647
182000
163291
285000
266746
112991
228960
227647
119342
380586
200893
203626
263928
181000
220933
244133
74991
161764
103810
225213
172458
182000
64000
152766
148356
64689
124551
125714
188000
113932
109165
205106
221839
232720
242691
33215
157924
216426
355386
176293
169760
255413
133365
34920
171026
151870
245680
203080
62228
262226
169760
239386
170760
249159
232369
177664
122830
107637
92403
152226
250466
177664
295000
199840
155629
183002
207029
161693
179993
194680
162000
191529
211362
123309
220250
145640
168733
243186
129613
195000
227426
184626
218013
194341
237013
188066
194341
146750
246746
194341
124000
270533
194341
156995
230506
146924
246826
194341
271000
154560
129619
142262
140663
58469
214666
223733
226909
118451
197480
172420
171676
194341
218860
113580
140206
194341
125843
186200
360200
184999
161396
204000
98000
220831
172408
73458
199334
203053
157999
134269
396200
116650
133160
124567
124567
142262
123076
214134
146480
81920
218937
204506
67882
190843
56360
149892
112413
181394
209165
234032
150210
93554
158515
213240
119536
161053
140811
169400
123076
134687
65564
217160
73333
123321
163607
150401
145116
113600
110856
114066
252092
191567
114500
132249
160232
161000
117093
150468
239626
113294
174828
400000
245076
156705
72000
189679
126943
173217
145714
96375
150363
152024
104470
184745
63529
87259
120888
97995
174400
144727
127560
104910
198962
219160
209228
112000
170181
161397
236800
134769
85562
209655
85329
176783
243625
199500
138750
235000
175147
127312
152024
164666
175165
134280
144970
143250
93333
131657
134909
245006
121537
157570
126645
252546
230506
159652
299333
189093
240586
188840
132000
156865
252560
143951
168348
171111
252560
232040
183333
358240
171111
273134
240123
229200
158640
225153
255213
159652
227453
149933
105168
270859
325987
283074
189002
273133
241040
134493
177750
145866
195680
297401
158673
198360
352800
187920
64000
252560
228284
143951
138857
200425
156525
214066
267266
242506
299146
144048
196440
226866
229626
257299
225560
213290
166631
263213
214173
225560
227091
203143
251320
253613
175889
224068
337320
207786
1518201
253613
209160
320133
229053
232200
260600
193624
219822
180842
238760
164869
222600
219822
168979
160146
226924
200920
251920
229200
209253
262606
81881
217293
85624
184920
216020
202800
126610
154997
268233
172020
165333
314400
232680
100346
138293
152346
159413
195198
315853
170880
203533
209266
112941
156866
265000
120058
157000
368280
230373
170214
238153
130946
140037
272168
128006
189306
145780
199586
204906
203080
42400
137594
224866
255306
193053
242625
172020
231560
179012
193053
305706
304786
106672
391760
84000
241133
166200
169487
181395
133306
161146
167426
195106
213397
297386
215666
101760
179386
139000
185546
200012
131493
183666
199800
167533
160200
212080
214106
200295
207659
181226
204389
272680
214920
227683
185315
215333
149600
228626
206680
182400
193986
227933
114800
164400
137386
197173
167413
153333
166986
171033
244826
239800
230626
138533
271280
407315
208706
294189
190240
163880
163880
168280
232973
226212
247388
191866
256133
328293
140735
263161
179169
466466
220800
184000
236626
205779
173280
174037
145165
190859
51924
218546
158480
196533
132000
244686
204733
185166
105293
228048
144459
344613
190859
59531
124682
139001
207565
337640
161157
192190
128088
167303
190859
320466
169273
222072
136764
260111
198834
175238
243071
183440
243071
134547
153977
248829
190285
198960
187146
214240
204346
105974
106057
175200
155193
186813
162000
201240
103523
165264
248829
154000
189466
198834
189840
68768
190760
296469
195000
109008
173381
189361
200010
161609
307000
77647
259071
209124
277710
180182
126000
254666
260773
251546
245560
182120
201813
157440
93493
63564
248470
190653
185040
309829
224946
100742
303133
154066
189800
106000
341333
255266
171933
124073
168066
194789
181360
149986
176640
122803
75840
258579
156619
168516
154400
230587
305640
213786
120302
90426
193587
198920
318500
335506
240200
246359
262480
289881
183200
207525
163546
299178
170034
216360
265880
146769
112587
156800
104007
71351
177841
135021
147483
436616
137821
334023
153157
277764
48040
206360
166449
101226
246129
113589
266181
208524
220013
166400
222000
86307
169031
229760
142782
338933
281125
174398
196250
259360
210548
259133
162427
479995
184520
137682
181818
410346
154397
215040
265881
249640
265881
198286
107416
339999
122575
156800
242544
185572
245818
162298
288055
170698
78624
232300
214822
170443
124773
197548
193466
68543
258105
223100
100424
200520
120271
208941
131647
347373
158400
152478
171518
200640
205666
120000
186026
230413
121869
250626
185965
134504
121694
221095
224429
139915
163524
198662
204923
151200
222660
200050
158150
195960
187200
109842
218733
220533
350373
124500
69799
120058
117000
68564
90228
367013
126040
90226
345560
147204
226896
173493
96576
51760
153456
133029
313000
219697
119750
367000
176322
144502
89307
166482
130228
251853
70865
104070
267428
95000
290823
122812
90228
247765
339750
3595000
445349
199366
125071
194400
198000
87955
192571
60649
230210
182971
64493
48622
203102
194853
482000
241226
282228
132106
372346
246653
296855
414720
121960
233333
124644
222030
238576
110853
200647
173626
228000
169482
361675
405312
207235
261485
247346
190354
100421
206367
384133
115636
254333
277172
341026
215480
151156
148062
276813
174499
399760
230478
250906
254459
232984
84050
284501
332773
275193
282566
205405
240496
204986
172984
160052
225536
200700
240319
145907
309626
230360
284000
296383
223773
294640
226986
142080
165011
293093
152000
158066
396609
142080
313760
143568
350293
251454
235400
207173
250386
135960
250000
97666
260419
206026
152000
115250
260372
251454
200384
184197
210453
74680
208192
88512
272007
186066
270960
188746
222200
283293
223213
282293
112258
255047
222173
293453
196591
244684
236842
215466
227934
123624
228533
505093
223200
139506
193894
193973
237289
209655
77714
262229
268366
239013
195786
103798
249100
161240
238636
154173
230010
185751
240706
152186
198066
226733
273500
161546
196591
224800
252973
174386
194080
147453
244642
215466
249960
178453
193400
185573
185220
187186
185220
213233
185220
112983
185220
312293
154666
266660
184518
261013
160688
151836
185220
203306
161240
170109
194560
263160
182224
214925
273313
161180
108986
171390
145530
209650
177153
207040
170356
281769
157166
229253
173134
184319
184518
179240
63854
60289
149704
214925
211121
263160
183253
164586
157570
142285
137995
236960
168677
214573
92386
180750
197995
96000
323960
224746
118435
275506
255293
180750
194695
257546
194695
369413
235346
161280
197995
219492
197995
171120
202200
234853
194695
171000
197995
194695
180120
182370
105826
227040
233640
226769
252786
182933
260760
206533
292293
180000
273400
194695
234600
318426
156089
254746
196253
207395
216373
152958
164000
250240
260160
251666
111813
193600
50408
104930
96120
262848
94655
199192
179354
223635
134072
99733
170784
174913
143640
117603
67943
290456
174440
171836
156299
170666
214586
222423
176508
176616
231760
162969
96046
168593
72000
134505
140329
131538
103061
211533
69172
363400
225760
227004
223440
138656
169000
326333
98035
185220
185220
185220
185220
154666
184518
160688
185220
161240
194560
182224
273313
108986
145530
177153
170356
157166
173134
184518
63854
149704
211121
183253
157570
137995
151426
160000
160030
111699
123750
155156
192565
144280
110750
236970
117812
183253
127106
188666
183000
289506
188602
150545
285270
178779
160291
211253
120930
272288
193600
302840
269142
158000
180160
205533
225773
208680
184687
238386
183120
206750
178413
290626
178413
245098
297933
227369
210160
178826
182960
178826
216689
257493
129412
304760
174404
127391
187720
166173
260575
143064
141371
153351
132017
124800
270130
324674
331306
191240
201933
167200
157317
173557
275731
187026
84608
260026
166913
248471
182224
301426
224835
222545
1336084
211733
169813
126447
160005
189480
70243
210413
237692
218866
96969
138706
212151
63072
211406
313980
212000
159159
160000
163722
329440
132498
226738
206490
227173
123480
166857
89798
118805
131996
165333
251810
187200
81177
238933
254862
186341
218435
194034
140517
263606
101413
161565
254117
218066
144072
227160
301426
129229
189480
163129
170106
329440
200440
251764
134586
156373
250566
218853
265680
88800
290253
433960
200176
167359
130546
203263
146000
94928
170625
173871
172800
220306
370542
247980
262292
163187
307400
268573
217861
214922
222142
211106
200773
634893
364924
240333
338653
151560
215295
144732
268040
203136
212093
249546
197426
216973
164472
237115
254139
299186
159477
159506
320320
254249
259213
274291
155493
237115
128866
309000
190953
308009
175595
152727
209342
217139
239626
479998
162644
239143
298710
276368
78015
135160
308009
224505
79000
194380
125299
314413
215751
203126
278028
145578
256915
352329
441999
259342
137454
423337
196098
241775
132164
100205
127448
278028
230844
348661
299028
170805
205835
291306
321000
236899
341400
235438
300293
273156
237333
215510
322946
221925
194026
139384
281400
195375
195426
207508
241893
243932
235306
408650
252066
367524
296240
208245
244800
197550
285106
205835
242640
263484
237000
204466
304260
172400
284293
196266
281080
270654
226875
344312
218760
219173
311040
246266
259959
331560
515386
316866
446145
309973
269733
388733
208600
84750
296000
324600
404333
387160
414720
155600
63168
212933
304893
123428
173555
311466
218621
193720
330290
179488
45634
351354
220907
165960
200287
204682
238293
230133
457524
144860
128082
149706
146382
214020
608865
135600
111592
242400
121835
236360
133010
417226
185951
252546
210924
311466
180583
311466
297400
319320
321496
236042
273223
426000
473000
45634
319560
232257
194200
133061
96292
192026
251775
288104
251637
176000
175200
403426
206925
252732
56730
117006
206340
226977
166173
352192
297400
219985
297400
226000
116157
155010
199417
194246
61714
75615
352400
191000
213299
81963
195988
228631
161941
180756
166666
166666
260625
281880
242662
89177
280125
200236
175555
74024
165357
88000
293732
178400
77112
213760
153622
296704
208740
180134
112681
225161
195829
74620
213397
225701
122201
206426
235092
296344
60937
206924
103575
206426
223026
259448
212292
207114
233206
157952
175249
270000
199024
228470
96280
203744
192729
199024
219575
157952
233717
427504
133332
359024
128727
390447
426666
317596
133068
330240
514500
131517
426666
394034
180000
347904
240120
464935
78094
328066
368559
250000
322560
340666
144053
70243
315186
126045
816746
308142
118260
341271
367939
174193
76538
171707
161519
249375
430500
192590
216774
144390
154146
146684
82546
164572
144000
223064
129836
402496
195706
214100
162758
197638
353732
209053
249106
222418
103656
252445
116086
255200
214100
180895
202838
227375
149910
136000
113619
201081
345796
201818
138714
127258
239632
129877
204967
140016
174545
250000
178909
220266
163826
115263
196000
192625
167040
51773
202280
141734
217706
346372
203333
312162
195706
129664
162777
183810
195738
180516
238066
235546
187226
205146
171493
145972
97968
119910
595392
147692
123924
100285
403026
163500
234605
160000
266333
66009
180395
301640
196362
233061
127219
180258
561312
201200
194115
194287
256153
211573
131400
245471
201783
251724
212613
218666
311188
281453
294657
267526
364440
243466
233400
230760
173600
170386
207466
228000
195840
197104
161515
196803
315333
301250
350999
228392
230634
119405
308160
158239
208586
384107
257351
168017
173231
127140
130627
384107
365772
310506
132635
123559
75718
147324
139636
84515
443169
182987
165173
122370
154800
141580
60348
196287
197160
164620
111442
49369
140975
135362
144041
177841
140051
211000
251226
168038
151953
478044
126905
334720
175226
208984
136968
113207
140571
116360
167418
819861
120369
141030
139840
232586
143402
246932
265786
182000
218093
320960
197486
192967
208266
192052
200000
73853
146968
189000
290322
198756
186446
235466
234910
124715
257386
192016
162077
42000
164493
184942
101960
155409
174226
212600
190843
189086
203413
190380
229427
266053
160332
239384
229706
131213
365150
176666
156800
229706
90133
308000
162406
448240
145413
143960
258693
232026
464720
361070
285306
195000
262856
157741
170000
204873
185880
192533
226106
246326
211133
232411
203180
182033
209973
173893
134026
272932
202840
93551
171933
157573
253366
131505
264945
240133
238320
177230
226400
239253
189413
215874
173893
253533
722305
196988
246226
458666
300842
177173
260493
122777
227413
197360
311733
196306
160864
85480
345053
521088
95893
180853
203984
104093
205334
118204
287400
211000
159322
183758
131533
162056
99666
277125
308686
216818
199537
236893
268400
243000
90560
147647
220845
153762
275360
99666
209423
253506
217400
202266
184066
158378
136227
224653
202066
262173
227628
147800
249213
219706
147800
253400
268866
221177
125861
253293
99213
245480
296653
198440
202733
204770
438493
459659
128627
113985
176800
271386
212880
206413
311197
191857
202733
166438
147672
265373
211986
98023
158554
168857
184906
173516
321456
206680
178792
216630
246506
237003
277037
217000
100965
183990
193813
229776
252037
221538
321486
212573
342307
272973
197386
196680
197266
270192
283271
205573
216280
147906
337906
170680
169846
164613
239626
219983
291666
192066
150055
278666
259320
216415
207826
314800
254000
161813
277653
279826
138080
240573
186920
302293
249746
211146
169266
217666
199733
152173
194000
264312
266974
446440
198217
194120
237040
268970
339000
336093
760773
234426
377973
320800
481093
337253
295360
234426
727546
271933
283213
283573
95520
156004
72920
234426
104933
379506
102253
167547
121013
185066
358059
214302
553548
111908
228099
179978
349183
111046
608309
383933
180860
108277
287640
274277
521517
110445
441360
128770
415507
137282
333800
109500
434533
179978
394760
168254
215466
99657
220537
122187
166560
168106
167186
224386
193320
216386
133333
109430
200221
176880
215466
215466
240800
92328
200213
191100
263240
187333
303533
156813
214960
184222
164579
184222
200750
195197
213333
147804
190476
238426
228160
89612
160000
262539
135746
212946
227474
227474
98000
152384
265333
109430
126968
197336
252746
151866
91162
151943
179919
287840
171891
251898
171891
139065
96204
193755
136941
207428
139842
171000
162030
173114
149122
238343
236307
171340
127296
180009
163500
180010
117718
180006
165279
178493
133888
180008
230400
151943
174400
286546
167000
180010
156430
180010
150367
180010
132187
180010
184651
176000
158083
180009
253480
180010
91219
164316
239413
137142
229386
168960
184981
180000
177237
163124
165152
280123
144010
168960
211605
185806
210560
309428
158400
241853
204885
224800
159594
179383
165045
205714
342297
213271
251263
289013
152276
198400
152276
218482
153959
150857
152276
280746
349994
202285
215473
255922
299459
157843
190500
225280
350185
192000
237828
173538
463879
244000
181463
205346
194840
188000
234333
224266
136858
291093
305466
257733
136858
600033
396960
234356
124285
225019
173320
311966
305466
222053
220999
225226
252014
263560
156196
212253
169460
236093
142920
188000
273066
257321
209946
188000
198373
177190
181906
349600
212253
235933
225226
389253
197186
210056
326333
460800
256760
221361
196225
344573
324147
188841
315000
193547
195703
223000
104071
270000
96078
205425
112065
276482
128052
169846
104071
257704
211742
234116
163866
183250
196231
238124
182909
230625
144822
195096
167680
216093
156238
188124
190537
248852
160026
212812
182883
244687
167680
207610
142889
245784
156238
217968
152424
283125
137195
230624
160026
312250
148636
249609
392840
172568
237109
449063
171826
156533
194341
140866
197217
446826
159657
159000
194341
99760
168800
214615
192559
74587
261413
267360
306760
257733
364645
311200
479509
221422
170026
225859
192000
152320
234013
253373
236872
212800
240226
94777
166586
237986
203250
225880
66045
216941
243573
139513
83600
328855
262105
178604
345560
145093
143609
174733
229699
158333
412026
232200
143609
180584
121903
237980
194920
125361
188320
98533
137760
147173
193239
204240
154640
192500
127558
231013
219133
131677
132613
193239
249280
146613
96054
227760
175137
246786
124235
89600
138240
152560
151678
120048
148213
143424
285453
230453
142706
191130
149768
93076
127529
140792
184520
107720
177031
158333
232200
188320
142106
237980
147173
184322
106254
108440
152560
137186
187941
130610
246786
133600
143424
121344
191130
249280
80800
196363
105106
154960
181733
75973
157880
172240
152352
128826
68960
129800
61865
181733
121266
97338
156320
178874
170346
142237
106333
106720
104506
224373
169920
148066
234520
142237
140439
97613
174983
285613
262840
270643
164788
271133
276500
226588
246666
270146
224965
367133
212333
188933
209819
90933
243818
311906
197000
267333
204653
183093
248325
262840
200124
245893
235875
258989
187001
283225
81924
195590
279247
193000
192000
189473
200816
136000
238866
230857
237098
129306
233827
157426
188482
180304
140733
142786
161831
85360
179560
181520
179560
587000
307226
172386
218250
218893
107507
143404
156279
183874
149625
234640
217066
546000
162640
168826
212371
224414
77244
276360
186666
314000
95296
181777
109483
350000
242666
119117
108068
130004
227300
144000
325573
125322
285773
163989
102400
125434
188079
152026
175874
437333
183004
274066
441466
491000
166504
151062
159170
133080
222560
218400
188786
158800
266400
144076
212312
147960
141276
188800
273996
209386
200773
204026
169621
208946
230040
73442
258866
180923
124029
217106
456526
291386
173493
228040
237000
255586
242666
393973
250105
171641
180266
230040
349760
197227
241493
148124
225480
128155
233387
227555
174642
123433
171641
55817
228600
283058
159170
162767
222560
197052
188786
158800
204600
212312
210933
159170
188800
232019
172377
200773
172680
127874
208946
190560
148440
124029
220133
213358
291386
132750
197227
169032
145776
172797
148894
164690
171093
186053
120340
212413
204086
131006
184000
156129
141673
193103
252773
210285
140089
156560
190160
291408
260547
187506
1873718
161562
134191
204960
204973
189267
172296
212573
204973
129681
156133
180200
133661
208695
163226
190426
185514
221142
215733
123862
204960
185000
165277
215053
156569
167973
137580
206968
227197
216640
156855
136000
122933
79342
202253
123000
167973
186846
125131
242337
360841
174306
98064
165030
182172
180017
147272
248300
261573
256672
166229
83481
178285
207540
252040
281613
218146
267266
167130
168677
164861
187066
409400
220626
194813
181733
211253
252493
255493
209120
160026
148808
222426
168840
194341
283640
194341
274733
268840
251173
250456
146760
193574
243706
220560
213106
129000
251088
247828
221920
160080
137419
218146
315400
155008
110216
205040
84493
175173
245946
233786
478472
148808
175173
129000
261506
256760
223694
297586
168840
197466
255560
220560
111769
301226
232356
206680
202960
225306
254066
247962
135287
178265
300000
193253
233922
199391
151773
254293
240320
284130
125826
172138
146760
516893
283000
137400
262173
175478
189426
247828
180200
217640
199053
180506
227746
191880
269653
237760
357440
322946
191733
164800
131746
171106
204103
149293
164173
155036
200146
130466
141572
168600
109293
230014
152026
177203
394120
153333
122040
116426
89166
226280
168277
240176
130880
200320
164706
134133
141687
200626
192879
163960
223893
184413
132480
129906
128186
162537
67000
30060
201133
109946
156600
122520
122320
115760
225710
48120
172812
161542
110672
155853
142520
181289
356352
734706
122070
274214
294573
317907
62663
353386
103547
135400
139629
292107
166426
61578
275133
91985
169626
125152
344333
208550
206739
123243
403469
152248
90350
222826
249816
289356
62045
154181
226950
115774
240840
119529
168461
212400
246649
156208
115865
197720
137412
225146
255625
270954
672226
83000
120000
166605
317760
181503
324600
204763
208898
123373
154455
284773
251333
163472
255533
227213
218000
259015
263099
226330
194253
178307
216000
258693
147310
350690
153066
140160
80851
121643
199906
190552
140336
176026
192000
205800
218160
229480
158222
152202
257636
253213
199906
198000
194253
223587
185640
155689
175550
198620
128306
155242
117133
300680
294440
259853
194880
273763
126361
292920
176360
205813
148709
308040
182047
311400
227400
64674
159130
235732
298306
176360
166730
300160
204150
261826
71399
147840
139285
102061
272266
188832
266786
108492
268933
289466
129026
177450
210309
195750
199804
133472
309586
194880
181093
113397
248400
192004
283106
148025
302946
254129
240533
168444
284800
224016
197853
233960
300842
168858
216933
155640
287266
167993
216360
168447
338655
139600
414200
75986
139466
216440
147818
152666
128160
285346
180040
225026
207466
186493
168426
169720
369280
128400
165426
134360
188939
170186
269933
283626
128695
220986
342026
135697
140098
119560
170979
203226
276500
130800
160238
188280
280868
171335
269733
172538
279293
138461
151976
133546
230198
108967
37120
194208
389760
203161
148800
207170
124511
209853
229471
178811
168893
157373
167551
155350
240387
124511
148507
87301
166774
238500
173748
168840
222772
262213
166490
209373
237853
166490
209106
177230
199827
197093
178090
202561
149586
73179
156942
207600
285354
173698
389760
71010
224386
183853
70061
99343
248765
236360
203490
364360
353920
195013
208321
50173
31947
353920
113473
224024
88081
348253
324706
68675
140094
211573
209737
234093
467906
74710
231640
39601
138240
41273
183853
124624
211573
149346
79334
183546
250506
77983
178760
718600
278816
312933
184186
125995
198333
94093
256173
168946
211704
229666
240072
215840
102613
165986
78143
239999
169377
236439
162340
180933
282986
164241
174413
249640
179337
176693
208138
196933
167538
203733
257837
201609
234705
225840
171333
185071
157943
230249
216661
240047
270857
77557
146389
247253
238560
326173
206112
269213
152437
215866
183720
184224
172731
265549
294013
231373
290680
187506
290053
204000
203122
203122
123933
221147
168927
165750
324200
178586
152693
215973
231414
242306
252125
112547
248693
378960
154607
110800
204746
218204
203122
179506
168600
168600
170906
220087
111957
183346
144998
103455
262346
142853
200742
144901
115138
115573
102857
147075
100078
300880
178372
398769
168385
220000
144373
198693
80952
103455
162779
145333
192480
174760
211851
207654
155660
175875
197275
230826
395716
212000
192340
500116
188931
138205
230093
138645
283466
223026
178235
182133
189914
184000
35845
123986
155770
205600
145555
159000
165263
186000
144000
115573
136736
176400
112863
1397746
255760
71257
263143
142222
146493
127819
257000
149924
142625
172500
144148
105293
249826
195773
164786
229666
132293
171333
102613
225840
146389
198106
284769
162340
230115
185412
169377
194250
194440
315233
164241
173868
244976
213986
249660
203733
230120
175000
300293
223089
240072
237053
258312
150383
255893
221355
210026
77557
174545
228226
157943
223089
269213
174413
287997
231253
265549
180453
247173
151794
232933
269213
225635
135688
167680
221933
280013
289533
173500
216773
229413
159000
272973
181066
197706
403506
392800
193386
213599
146620
352037
212000
166603
171828
106989
213000
165698
236093
230232
166589
155546
183093
188969
292933
176423
57857
264306
206333
153614
167680
187546
467800
276066
120593
144000
192940
232489
151348
106500
195044
226560
174706
183428
320360
235626
200142
235626
173846
228080
109000
121460
154736
216767
276000
947666
167133
228080
72000
114366
70426
218440
111386
215706
82057
163000
109733
228080
234200
235613
191650
177600
162826
159053
83562
111826
254093
151933
189417
181626
199957
235613
138773
392370
148586
193720
51146
188226
149995
130146
144143
65515
100226
147121
209360
186266
238791
60147
215138
300760
158961
242662
126893
161173
265267
229693
235821
183320
339840
137822
198866
201803
212035
94946
215636
303400
188622
147540
110813
208965
105321
205966
174293
332210
84751
409560
134052
137822
166746
244244
212035
344493
236356
242000
145660
33176
120554
197840
228283
67739
204000
177511
174000
208466
280720
210986
106849
162744
69000
82694
146001
135053
131599
125568
93658
125568
62000
280961
81620
165559
85449
142221
123500
224323
153183
222203
102726
146076
60000
148000
70000
127041
183443
135003
180009
146808
130666
113142
130666
80000
116791
134400
124235
89389
142654
154000
146440
147011
180009
115907
232544
172680
290688
123698
265427
222533
195147
216053
270973
264773
195147
269160
106333
214912
186186
188906
92093
206586
181239
88186
213600
260672
205480
425573
252973
254360
114427
216906
173000
203240
205480
213600
196000
251201
179967
163804
273997
236092
202450
298133
147031
247893
253946
182037
175626
166106
192093
189905
257866
160306
127085
128306
180000
213933
212862
214071
351453
234000
169920
403493
410096
172515
253226
251428
234000
177249
267946
213337
241793
308860
351440
184611
242880
253433
275828
267946
206460
81750
281210
163246
374124
186805
257923
125453
145181
224876
87405
131320
78578
201954
322298
146420
245253
89808
158250
356466
267693
290933
214047
236266
157090
178390
328120
67829
203389
182874
258461
203389
402026
278909
169041
146239
142000
212208
239000
88679
300836
213960
120058
97032
76800
104386
310153
98205
313326
185291
261120
220733
236000
71274
260000
46000
222000
335000
135961
206769
149892
237192
220960
68571
134000
195012
299240
246000
149986
208649
211946
194998
275883
110163
315306
228725
250616
248000
283933
119000
235040
143970
151957
304838
217280
140666
186055
253253
249906
222533
147556
242880
209062
191826
181626
175000
171040
169988
168019
162109
183870
223200
145031
297173
253413
240000
175400
325653
111219
231160
204266
183146
183870
189600
154000
139911
442733
205560
272760
222493
226653
221053
233750
135085
209062
212641
101044
222400
284280
226613
140952
197142
227440
143728
177626
172800
205760
194307
320306
124114
130041
98223
226134
120000
385413
215040
142463
69600
208695
186760
177600
225306
133403
166586
120000
319415
263793
242613
188024
275725
178156
196250
222260
194960
318326
269419
130093
215971
279227
109714
252485
85474
203406
74007
216533
314244
166285
147895
194786
194786
304866
194786
157519
150046
255090
194786
199920
97790
225568
194786
198144
64615
60000
114285
194786
59108
198144
75840
116121
196693
319059
259812
150260
194786
180154
188813
168839
165559
277489
209988
202934
244463
120000
74945
148201
226939
214500
180000
211582
142985
121129
120000
136625
209399
181751
165720
452587
118153
228840
110041
239106
178042
267249
332759
274390
206880
89226
73314
83750
68666
134605
173416
116813
263688
120084
180500
233307
190573
566550
157800
236611
202106
190000
273005
120084
170666
128000
93066
144000
152933
166346
148741
221989
184680
205213
108200
200636
439160
294120
204373
175613
114360
221546
339626
69398
75040
213284
94466
196000
166053
154840
240306
182044
217500
97626
220693
235218
123548
168000
173000
89000
206866
230887
107746
285453
125638
128006
240540
223750
144000
301733
194080
149169
326068
97733
100000
147489
269000
101253
138604
267600
166798
141010
253779
118177
123818
199360
217500
312133
56212
95460
72750
544453
131227
628600
294093
217119
135392
235320
168509
235333
291776
167148
243180
322800
185167
167148
190266
158302
153051
316192
46173
132553
156284
223360
123010
228096
251654
179526
141191
322800
128371
223360
192702
172252
151836
218575
162092
134000
166133
191822
221773
105604
226626
166093
150933
172964
223440
115490
181298
124285
185133
76213
191623
184971
155000
88112
176013
38105
345493
166786
168533
70275
108373
201298
120285
89506
228200
150857
263000
181421
155912
258786
282000
185436
208040
187842
195000
217890
216461
188028
225066
124200
232000
350000
327130
119882
162446
149124
115002
136080
170000
206053
132000
228200
193120
67375
214389
98146
346565
140000
103200
215771
180001
276776
69533
90001
141800